line
5939.81,8720.82
4516.19,7844.29

line
4516.19,7844.29
2917.51,8692.11

line
2917.51,8692.11
2914.15,10379.68

line
2914.15,10379.68
4472.13,11250.60

line
4472.13,11250.60
4538.29,12962.16

line
4538.29,12962.16
5933.88,13759.69

line
5939.81,8720.82
7547.93,9590.09

line
7547.93,9590.09
8995.59,10484.04

line
8995.59,10484.04
9009.25,12115.80

line
8995.59,10484.04
7501.16,11311.79

line
7547.93,9590.09
9050.26,8608.63

line
9009.25,12115.80
12099.89,12101.88

line
12099.89,12101.88
13599.26,11347.53

line
13599.26,11347.53
15014.98,12204.48

line
13599.26,11347.53
15079.60,10432.30

line
15079.60,10432.30
14954.26,8705.18

line
14954.26,8705.18
13477.00,9517.30

line
14954.26,8705.18
15072.45,6852.03

line
15072.45,6852.03
15021.25,5276.37

line
15021.25,5276.37
13484.97,6021.58

line
13484.97,6021.58
13495.82,4403.58

line
13495.82,4403.58
13442.57,2680.71

line
13442.57,2680.71
11966.86,3383.15

line
11966.86,3383.15
10567.74,2573.70

line
10567.74,2573.70
10400.65,955.28

line
10400.65,955.28
9076.51,1783.71

line
9076.51,1783.71
9039.99,3434.43

line
13484.97,6021.58
11929.83,6897.34

line
13442.57,2680.71
15079.50,1648.25

