CIRCLE
5939.81,8720.82
500

CIRCLE
2917.51,8692.11
500

CIRCLE
7501.16,11311.79
500

CIRCLE
13495.82,4403.58
500

CIRCLE
4538.29,12962.16
500

CIRCLE
9039.99,3434.43
500

CIRCLE
9076.51,1783.71
500

CIRCLE
9050.26,8608.63
500

CIRCLE
11966.86,3383.15
500

CIRCLE
8995.59,10484.04
500

CIRCLE
15014.98,12204.48
500

CIRCLE
4472.13,11250.60
500

CIRCLE
13442.57,2680.71
500

CIRCLE
2914.15,10379.68
500

CIRCLE
13477.00,9517.30
500

CIRCLE
10567.74,2573.70
500

CIRCLE
15079.50,1648.25
500

CIRCLE
15021.25,5276.37
500

CIRCLE
7547.93,9590.09
500

CIRCLE
9009.25,12115.80
500

CIRCLE
15072.45,6852.03
500

CIRCLE
5933.88,13759.69
500

CIRCLE
10400.65,955.28
500

CIRCLE
4516.19,7844.29
500

CIRCLE
15079.60,10432.30
500

CIRCLE
13484.97,6021.58
500

CIRCLE
12099.89,12101.88
500

CIRCLE
13599.26,11347.53
500

CIRCLE
11929.83,6897.34
500

CIRCLE
14954.26,8705.18
500
